junebug_thrust_mapper = [
                        [-1,0,0,1,0,0],
                        [ 1,0,0,1,0,0],
                        [ 0,0,0,0,0,0],
                        [ 0,0,0,0,0,0],
                        [ 0,0,0,0,0,0],
                        [ 0,0,0,0,0,0],
                        [ 0,0,0,0,0,0],
                        [ 0,0,0,0,0,0], 
                    ]

percy_thrust_mapper = [
                        [-1,0,0,1,0,0],
                        [ 1,0,0,1,0,0],
                        [ 0,0,0,0,0,0],
                        [ 0,0,0,0,0,0],
                        [ 0,0,0,0,0,0],
                        [ 0,0,0,0,0,0],
                        [ 0,0,0,0,0,0],
                        [ 0,0,0,0,0,0], 
                    ]